1.343045063702064112e-01
5.266844407734976308e+00
2.245505997754187799e+00
1.136498128187074741e+00
9.686314285824672299e-02
8.108992147844543141e-02
8.810396386212345776e-01
3.524505899320505620e+00
1.548926479408869739e-01
3.207381213123234431e+00
6.768028347805794542e-01
1.198203007996686775e+00
9.194543369239373265e-02
4.162315137365695250e+00
5.379702376813537690e+00
2.070883084936170349e+00
1.362759084430671674e-01
4.251161783658549687e-02
-3.986868032455702648e-01
6.202299124620598292e+00
2.180064563141994594e-01
1.355665888859587609e+00
5.969515751399232073e+01
-8.972758894275832731e+00
-5.726465911388510932e+01
-1.228358506204575873e+00
1.048924752479232447e+00
3.415168750673433351e+01
-1.055807985489180822e+01
-9.008400355929662151e-01
1.229210154429243040e+01
5.826005941818272049e+01
-3.190737815902566776e-01
-1.911306110084627807e+00
-5.243411247018317312e+01
-3.270693035804573601e+00
6.955676065817526421e+01
4.342756598325130390e+00
-2.168321609224054924e+00
-7.806974835095965659e+01
9.135711608846689202e+00
4.844338163985093537e+00
-5.291129623751067608e-03
-2.814980765644355398e-01
-2.887800836238680002e+00
-1.112333598273922697e-01
-4.503720174547058350e-03
-4.938028648959006013e-03
-2.902033161332222971e-02
2.814692862702078191e+00
-8.088135260800592696e-03
4.113817231489899813e-03
3.648911403093266226e-01
-3.377333136539235371e-03
2.259608951541826685e-02
5.648282874592955860e-01
6.549473426946914145e+00
1.153471770588921225e-01
4.003331780542801130e-03
-1.102459649877963674e-02
-2.090455733547878225e-01
-6.587784664566712856e+00
-4.683509088217529398e-02
-8.633375972334023096e-02
-3.197460174155950074e+00
-4.970951174924956639e+00
-1.301398839958385123e+00
-8.190700677307211075e-02
-5.306409342394880629e-02
-4.477030161483196991e-01
-5.507177189399348194e+00
-1.179866551450160228e-01
-1.687312717842966325e+00
-1.346087082635428311e+00
2.124684745992547752e-01
-2.461907983301605748e-02
-2.015013910880629755e+00
5.679728714540933865e+00
-3.859138778845752626e-01
-3.214315989642442528e-02
5.455249273115668658e-03
8.170098513777916960e-01
4.934821324778915219e+00
-8.415647890306998669e-02
2.063324675621628357e-01
7.530902965019007134e+00
-2.828446516305950897e+00
2.505207580974983639e+00
1.906764878088504367e-01
1.201992154152712045e-01
4.222575538664897210e-01
-1.087288397646257732e+00
2.843637057629608833e-01
4.803675881061653108e+00
-1.112711535392290285e+00
-1.818281045605407709e-02
1.435923783257318509e-01
6.703210671064912418e+00
-1.009363894972265419e+00
2.298468300086711658e+00
1.629096216872336356e-01
6.464015192254157771e-02
-6.543282305655324649e-01
6.217468785961077771e-01
2.963858358056417064e-01
-2.076624950011521920e-01
-1.214792319774080553e+01
1.281899194912565765e+00
-1.381715879177107253e-01
-2.747321695017870269e-01
6.815248792852129922e-02
1.066163916729829531e+01
-1.564972245605304346e+00
-5.680036759591704509e-01
4.108402765419111487e-03
1.518364893744106325e+00
-8.803964054762749084e-03
-9.459220576597619778e-02
-1.087914019912590646e+01
1.242200588572559328e+00
1.422799906830796712e-01
-2.447812392572686069e-01
1.594435005663024651e-01
1.271443496801878403e+01
-1.348193170361124738e+00
-6.628789029893603635e-01
1.299349160610475007e+00
5.284722413576092492e+01
-6.414036657858333434e+00
-5.581207251710712569e+01
-1.394553005829147763e+00
1.187950795658557990e+00
4.345282919888168038e+01
-1.101852652679360034e+01
-1.278787862518957485e+00
2.006898614092003985e+00
5.253298924186113084e+01
-2.872382085753161229e-01
-1.547276971323497508e+00
-4.693014464731500368e+01
-1.357254931933745024e+00
5.781897113119708820e+01
3.565457980141648164e+00
-1.628140510278365038e+00
-5.594764196353646923e+01
6.551389018220524996e+00
3.761153497272199164e+00
-2.352655309774241699e-02
-8.194021096038098806e-01
-4.206553654971032508e+00
1.157545111592874487e-01
-1.107902686714295907e-03
-2.229226722866270438e-02
-7.167731171582091276e-01
-4.191895550183946995e+00
-2.364992789075791475e-03
8.962266757638939416e-03
-1.794086921009693247e+00
-1.486637373953450525e-01
3.867574871951081489e-02
8.469937508012723715e-01
5.848865268860206967e+00
-1.067922444016129735e-01
-5.782497012342700804e-03
3.979884430351778718e-02
9.522899154357286067e-01
5.850460085966823875e+00
-7.609542588882955809e-03
-5.348630908985651557e-03
-5.924054158229150602e-01
-1.015525537143851942e+01
-1.960739337346119049e-01
1.389687036619648153e-02
-4.754480723864755627e-03
5.977358584984737017e-02
1.010013805079237592e+01
2.783034615964376929e-02
2.274582124056452950e-02
6.678636223493881197e-01
-5.181599606986236721e-03
4.311275221514943717e-02
1.077720082948848690e+00
9.269562412346664004e+00
2.188197549751983995e-01
2.697381992106197973e-02
-2.208649546819082057e-02
-4.145231803599525033e-01
-9.383882404454753967e+00
-4.775039985354246480e-02
