9.371471170892801961e-02
2.677421887106912646e+00
2.945483425683820045e+00
1.509100562147639213e+00
4.751589679292678170e-02
1.041253189618907837e-01
3.544997714700280245e+00
3.018115599328005771e+00
3.640193569911731597e-02
2.602096544721119287e+00
8.892245605305640690e-03
1.201933128004926132e+00
6.174148755265615462e-02
1.392628281791185252e+00
5.999944464539106903e+00
2.951637307532267496e+00
1.150920342676076402e-01
7.037861260374836392e-02
2.260660035389201905e+00
5.548916926029730412e+00
9.795276003857908420e-02
1.332986401063168902e+00
5.447690405559969662e+01
4.081083194859208008e-01
-6.715088489925250315e+01
-1.824670042146290916e+00
1.357294272837954230e+00
5.634474332676028041e+01
-4.765904487549772917e+00
-1.854620990175744222e+00
1.114050688109860587e+01
4.937500733276819487e-01
6.538932426939526171e-03
-2.401423368953086612e+00
-7.725293118665858572e+01
5.547653847772296976e-01
8.300520946966567237e+01
4.801484756261029219e+00
-2.364253632682904005e+00
-7.482725757769915731e+01
4.247723786339944851e+00
4.780291774106696145e+00
-2.684742037565947584e-04
-5.577956568615596855e-02
-2.889267036915066811e+00
2.178197690599699074e-02
4.407548912892882663e-03
-3.821464694345419379e-03
-1.252242183274021314e-01
2.907915525652085886e+00
5.085521405819867259e-03
-1.783317232454163792e-01
2.805640818119414966e-03
-1.328220500612310251e-03
2.172617871166141260e-02
6.513449277621895517e-01
6.517064223939698309e+00
3.495417856837887416e-01
1.757712656571692664e-02
-1.552086920337810393e-02
-4.572643538948229502e-01
-6.558088701186759906e+00
-2.725576038081060221e-02
-6.547437416449131131e-02
-1.830794815754388516e+00
-5.478841328977604341e+00
-1.204384789429962632e+00
-4.353184661344749323e-02
-6.925325499889059544e-02
-2.141384982692567718e+00
-5.359062002139922676e+00
-3.938932718310543535e-02
-1.473814938798134522e+00
-1.294745784456248668e-02
2.049730781244096245e-01
-1.352747102196058104e-03
-2.240086576145537134e-01
5.308706074638076089e+00
-9.540853121814615312e-01
-2.612508145836177353e-02
-4.955189844320366695e-03
-5.500544217312698381e-01
5.341448806519959014e+00
-2.042306052357405893e-02
1.349274876920364130e-01
3.211916683269035566e+00
-1.975164063287718319e+00
3.223482950893051591e+00
1.169993801286548923e-01
1.467560243838980094e-01
4.188670859909319866e+00
-2.198111544691920827e+00
1.041376151205940653e-01
4.101804711236174406e+00
-3.961974241333971955e-03
-2.449921484088713602e-02
1.105269378552303922e-01
2.856725901102616483e+00
-7.956170460294378910e-02
3.012636764331976469e+00
9.729836996302793084e-02
1.213010959078219542e-01
3.865515857243905895e+00
-3.264927424823940161e-01
7.887924337502451311e-02
-5.510843066113750577e-02
-4.999582479453284378e+00
-1.699869393165306386e-01
6.869750284052622114e+00
1.263411579580978883e-01
6.170482754420435895e-02
4.686821653645761643e+00
1.791615449556748230e-01
6.013851757842077900e-03
-6.670798933811684428e+00
5.042054449061892513e-03
-1.119880729751565326e-05
-4.755876877229064242e-02
-4.788955011382137528e+00
-2.292759967896893514e-01
6.340610219550807614e+00
1.266351100675811303e-01
6.081332983606288489e-02
5.224560175835206266e+00
2.198434339886535804e-01
-4.495561448357270756e-02
1.408054796066843251e+00
5.608986459876787478e+01
1.875754544920594236e-01
-6.569317476690187618e+01
-1.779723378919472854e+00
1.407576139486977906e+00
5.592648652644889751e+01
-3.996554285220102365e+00
-1.782346916287424810e+00
2.284374158223594797e+00
4.353756962334036085e-01
6.541321443471943310e-03
-1.912883893713625438e+00
-6.153716145991980113e+01
2.881324677420173397e-01
6.818566970662584481e+01
4.080880768262010960e+00
-1.899987316488962019e+00
-6.126519927200931903e+01
4.017480078748222994e+00
4.096380400449347370e+00
-2.896607729938383002e-02
-1.027435160231583211e+00
-4.409300289530790451e+00
4.308089370114543959e-01
9.016630655770333305e-03
-2.924164703259524850e-02
-1.051989719704501169e+00
-4.453497005604527104e+00
9.325781637539862917e-03
1.635045520100997934e-02
-1.475336072833856663e-02
-1.586995434767378144e-01
5.027007500616895858e-02
1.252329998747443662e+00
5.814410541944909916e+00
-4.706237934144595347e-01
-2.574889061511434485e-02
5.027434422173820971e-02
1.234864864484711999e+00
5.914153692802278428e+00
-2.495810519712868616e-02
-6.797768726229857540e-03
-6.840792353834006523e-01
-1.004038445889529640e+01
-4.629473128112445712e-01
1.103901479741049201e-03
-1.739758008253777539e-03
3.375342404997715984e-01
1.016040290404392543e+01
1.021200946245698522e-02
1.558814309916344565e-01
5.676538600171561824e-03
-1.452466339035508132e-03
3.738440185247011299e-02
7.695172319706955477e-01
9.319057981975321425e+00
2.359640393543846193e-01
2.668438647565516894e-02
-2.382954446518775055e-02
-3.439140271250170633e-01
-9.447005388381837676e+00
-5.506944349639375513e-02
