9.477407275504601269e-02
2.769729600859679230e+00
2.767316331712465161e+00
2.148867071909355886e+00
7.537842605292167930e-02
9.716606006325334555e-02
2.974972584113489749e+00
2.982309361962042438e+00
1.959417275018670690e+00
7.296700761721112982e-02
9.339334303095003786e-01
1.196612057613366531e+00
7.436248991073612924e-02
2.023829152075265370e+00
5.909129315508468316e+00
2.894311207175548795e+00
1.124888101456210376e-01
7.570271640347972508e-02
2.208150421886169390e+00
5.622579116435865387e+00
2.669251478325822546e+00
1.078267540911669736e-01
8.348479791691176821e-01
3.445013998796650867e+01
-4.802034294622224309e+00
-3.824333789342441747e+01
-9.652013329255912932e-01
8.076436411197429610e-01
3.212398693263484972e+01
-7.049862987946827531e+00
-3.609398601950494623e+01
-9.379386210196485330e-01
4.566623618269819218e+01
-2.636902923814279931e-01
-1.562316124301172726e+00
-4.897999132478719986e+01
-1.135529663655267862e+00
5.671238037933849796e+01
3.236237089829663738e+00
-1.578841500030895073e+00
-5.110671253610421161e+01
1.613589076380286480e+00
5.922501790627689644e+01
3.287311225432258066e+00
4.333259944346876742e-04
-2.552502864347493128e-02
-2.934170453998302452e+00
-7.303976361557018571e-02
1.297458125950370173e-03
-2.908805641723341551e-03
-7.905945636409192345e-02
2.807676098823531863e+00
1.806287880200081186e-01
1.705537169038286865e-03
4.448007133788933753e-01
-3.713626305973892743e-03
2.061221580880523777e-02
6.061273019460924338e-01
6.518829093714969325e+00
3.571274198306021441e-01
1.882316219603013402e-02
-1.628390224347172482e-02
-4.807741320005208263e-01
-6.517437273987991553e+00
-4.882989844915640587e-01
-2.616584338675320004e-02
-6.648167037349313191e-02
-1.909919776702844851e+00
-5.252886261458886707e+00
-1.524100332072372721e+00
-5.859212492954955082e-02
-6.499836890652910260e-02
-1.782966384771565105e+00
-5.127372023402983814e+00
-1.641371590717706885e+00
-6.008104267318973429e-02
-1.647615499634726310e+00
2.140839871505637315e-01
-9.796786407386733758e-03
-6.360864197902761363e-01
5.372089202684083631e+00
-8.693710534605163520e-01
-2.324183646017137853e-02
-8.914946125525697457e-03
-5.205832612974730100e-01
5.214565491847673151e+00
-1.007074423693013365e+00
-2.605577511084172099e-02
1.479873267607570153e-01
3.810642518113824373e+00
-2.036326441957796884e+00
3.658855318833753589e+00
1.442609446699722742e-01
1.482439305662416884e-01
3.832809511577576433e+00
-2.009254138882703433e+00
3.638580392662436047e+00
1.440010403897895586e-01
-5.372106135055508824e-01
-2.145875978783256047e-02
1.108477029633379990e-01
3.202727789123672508e+00
-1.812104262630452600e-01
3.580274182738916178e+00
1.308749338513684746e-01
1.109698218105153733e-01
3.221988720673029771e+00
-2.200577269561415084e-01
3.555464593621664449e+00
1.303436583709507990e-01
-7.282967296764629450e-02
-5.828144221791258239e+00
-6.716929537365061431e-02
5.973924434758739466e+00
7.679895907050121595e-02
6.276479489380278054e-02
5.406508084594470631e+00
-1.590870333777625878e-01
-5.499135375711999174e+00
-6.400737311606433111e-02
8.308741074451529984e-01
-4.583860878027416763e-03
-5.315786430909431176e-02
-5.514366404110421449e+00
-5.766213431196355599e-02
5.583918104198152044e+00
8.232995315905375366e-02
7.261509416901192060e-02
6.107793833579536091e+00
8.526211594772549474e-02
-6.217429288277521060e+00
-1.181676937475605593e-01
9.440854493917807400e-01
3.729121587411178496e+01
-4.177263960693234246e+00
-4.094541978309779751e+01
-1.070795910839267506e+00
9.201328265298891473e-01
3.524310655789251712e+01
-6.156403538622205573e+00
-3.905297861814303673e+01
-1.046791897893457168e+00
4.020999422401335011e+01
-2.316474156483909752e-01
-1.174296990800759888e+00
-3.727828055358768466e+01
-1.004903265422224523e+00
4.399100855189830384e+01
2.639303451962841329e+00
-1.188847150502347683e+00
-3.915079748498820322e+01
1.415595240952201461e+00
4.620331045580532958e+01
2.684272655937121943e+00
-2.239998706149883348e-02
-7.713879387020206035e-01
-4.214684224434969373e+00
1.163066073152286412e-01
-3.372085674322916659e-04
-2.171564231357090563e-02
-7.144072618320900236e-01
-4.197778710056774720e+00
6.236399004687973036e-02
-1.002878282147375141e-03
-1.771384259313882659e+00
-1.487631066692479964e-01
3.803727348461772434e-02
8.420375050188548816e-01
5.844738619444139971e+00
-5.257644882010439197e-02
-2.629854153463233053e-03
3.868426592088590465e-02
9.010139832399038928e-01
5.864506348083500242e+00
-1.080751421769178544e-01
-3.573882731101607653e-03
-3.850078048893344502e-03
-5.517256526885990775e-01
-1.014607966581263199e+01
-5.948618640810295899e-01
-1.587517879819997984e-03
1.380298206892943713e-04
3.785028716146636163e-01
9.970776538152112067e+00
8.369179453208794861e-01
8.600682556983194060e-03
8.966584613577576190e-01
-6.252204429438849853e-03
3.544585200167428563e-02
7.311549513443488246e-01
9.308903977657351447e+00
3.132561650824822741e-01
3.294566073247023191e-02
-2.642264792144581251e-02
-4.660209492566592115e-01
-9.348112583598730652e+00
-5.510294423961344945e-01
-4.679691302358183341e-02
