9.688421176544061153e-02
2.848676190461258084e+00
2.870716830407394671e+00
2.053139390485755111e+00
7.235111564451029986e-02
9.983202848849800914e-02
3.101446188358867317e+00
3.131633729301472435e+00
1.819774875740368891e+00
6.938267756966905175e-02
7.366509322653833590e-03
1.201798645388208575e+00
6.979462526500920805e-02
1.866901509197264941e+00
5.923155302615410456e+00
3.051964646287299576e+00
1.207698993893573658e-01
7.147251171564895922e-02
2.094675652907687979e+00
5.580443762052245127e+00
2.775568303915258994e+00
1.150643440016427543e-01
9.380267532652351026e-01
3.831036544896156926e+01
2.539059271648594351e-01
-4.292410288934502205e+01
-1.113226735617395935e+00
9.380006235464936060e-01
3.830812521797740544e+01
2.516015548244353583e-01
-4.292203455016732505e+01
-1.113200430047678768e+00
3.601977867509895126e-01
-1.008341354011815447e-02
-1.785669501524106639e+00
-5.665323073423650868e+01
-4.497055790004149678e-01
6.442110880884105484e+01
3.641154790579467004e+00
-1.785684429201186640e+00
-5.665525104299091907e+01
-4.466895071086942615e-01
6.442355680636700299e+01
3.641205282030751000e+00
1.438313397044345193e-03
1.207454547218244148e-02
-2.884924315089743008e+00
-1.186316010072746285e-01
-1.443468134340296100e-04
-1.639095602496879129e-03
-1.882438241543655730e-02
2.878794213676301617e+00
1.141218648372578637e-01
-1.557270286741931722e-06
3.508417725636220601e-03
-1.243431099656632692e-03
1.843669730764330855e-02
5.313880054090961425e-01
6.525509193789537754e+00
4.322123881550311575e-01
2.276716321112210589e-02
-1.829860479653290170e-02
-5.348183033066171710e-01
-6.537504909813604215e+00
-4.376638983133149252e-01
-2.271882559605303831e-02
-7.020431014884097320e-02
-2.049194825984623769e+00
-5.435302115362355302e+00
-1.355220616839307946e+00
-5.325144068724290553e-02
-6.970158516537945659e-02
-2.006087073822610201e+00
-5.390805298156344350e+00
-1.395018934223472895e+00
-5.375768219175768720e-02
-1.299576023724093726e-02
2.049339748774374470e-01
-1.738305631747025671e-03
-3.592396891494653577e-01
5.347345004950850189e+00
-1.147498210357475346e+00
-3.785106934890966612e-02
-1.452154252397673930e-03
-3.203947015776258955e-01
5.288899337260221323e+00
-1.194635168274396975e+00
-3.882409983710934792e-02
1.467735474569164811e-01
3.765231416682468524e+00
-2.095803748815812106e+00
3.713919121946494872e+00
1.460022928555844701e-01
1.467104309788727357e-01
3.760060255337905666e+00
-2.095147449884492641e+00
3.718904510663303409e+00
1.460627934912057946e-01
-4.237311636332779553e-03
-2.444215230820885251e-02
1.134751979111319337e-01
3.292994603239427054e+00
-1.892783557647795267e-01
3.489589881352146872e+00
1.261115439931848603e-01
1.134030903722889061e-01
3.287260878485259052e+00
-1.958209256359590977e-01
3.494309777645448367e+00
1.261805028513297566e-01
-7.095238742433861157e-02
-5.757909374920865631e+00
2.482098384308425304e-02
5.888760286130767518e+00
7.410571179386253593e-02
6.513657421361795929e-02
5.519025351807132829e+00
-2.624057305390902622e-02
-5.623368263949675594e+00
-6.719617305253673678e-02
6.553616784836493493e-03
3.038822123286056748e-05
-5.722166593702182613e-02
-5.653977111405125378e+00
-4.518391133782410224e-02
5.724174515053199741e+00
8.969722567382666656e-02
6.885169180619005180e-02
6.006840986305469698e+00
4.777638756314803864e-02
-6.122844508350039128e+00
-1.117287706729222646e-01
1.034936333194236058e+00
4.069021821671750416e+01
2.745880882358527897e-01
-4.506692287791803153e+01
-1.201135108739530999e+00
1.034914642490211145e+00
4.068835858199730637e+01
2.726756155888709343e-01
-4.506520592732243102e+01
-1.201113272408426580e+00
3.171610392715851212e-01
-8.341709162977134495e-03
-1.370963910860492518e+00
-4.403471459607621341e+01
-4.010220440942912079e-01
5.077869135640431608e+01
2.995841231191173737e+00
-1.370976305326152334e+00
-4.403639175259394278e+01
-3.985194501227999342e-01
5.078072337787511259e+01
2.995883140776561593e+00
-2.640227125717323209e-02
-9.211253193487316526e-01
-4.410803141912968961e+00
2.978725551455939646e-01
5.404667509644976546e-03
-2.677216382810325424e-02
-9.542887607888723700e-01
-4.481001073169496252e+00
3.272226409519733981e-01
5.795492603841306128e-03
-1.397200082362119386e-02
-1.586004673472269644e-01
4.670110675632498098e-02
1.139680942302512268e+00
5.818135635248389725e+00
-3.515964980018142505e-01
-1.833653158465328725e-02
4.670766219344093390e-02
1.116240693545730744e+00
5.944424146823439337e+00
-3.097254362545263096e-01
-1.730136309386443721e-02
-1.824158472367186151e-03
-4.759299633193515011e-01
-1.004680606682567223e+01
-6.867688805557934373e-01
-4.494002848612779419e-03
2.697594655726924789e-03
4.999286866637419613e-01
1.011414110307746306e+01
7.028489267322419742e-01
5.159409608481663710e-03
7.072498644289606021e-03
-1.272622800264094087e-03
3.106029908527059222e-02
5.804905742278912983e-01
9.322370162633491830e+00
4.646173713759455537e-01
4.089623677631851889e-02
-3.048401750992226281e-02
-5.749667354482886905e-01
-9.388566243659868249e+00
-4.489559129731283682e-01
-3.984818838497163063e-02
