8.252799999999282932e-03 7.923840000000126338e-03 7.514240000000782516e-03 7.402240000000226416e-03 6.958080000000421705e-03 6.547519999999806828e-03 6.062400000000245370e-03 5.615039999999904552e-03 5.507039999999907565e-03 5.011679999999962831e-03 4.498226240000000042e-03 4.013183999999947460e-03 3.369119999999892201e-03 3.223039999999954830e-03 2.644800000000113727e-03 2.058879999999874144e-03 1.511039999999574945e-03 9.222400000004071785e-04 6.227199999999655233e-04 6.399999996631322574e-07
4.116800000000253590e-03 3.696639999999362658e-03 3.205120000000505343e-03 2.942720000000065284e-03 2.414080000000318194e-03 1.962559999999946569e-03 1.435200000000413922e-03 9.046399999999010788e-04 6.368000000001039496e-04 7.080000000003749960e-05 -4.943949759999999999e-04 -1.074079999999977275e-03 -1.849920000000171427e-03 -2.103679999999830130e-03 -2.754559999999628417e-03 -3.385920000000375296e-03 -4.040960000000204388e-03 -4.780160000000144294e-03 -5.148159999999180059e-03 -5.851520000000220989e-03
8.008800000000704244e-03 7.656960000000267996e-03 7.166720000000736945e-03 6.993920000000208859e-03 6.558079999999577581e-03 6.098879999999695656e-03 5.586560000000240223e-03 5.085440000000218674e-03 4.896000000000011454e-03 4.348639999999903694e-03 3.824127039999999922e-03 3.239616000000000717e-03 2.647679999999930089e-03 2.422720000000211371e-03 1.815360000000154628e-03 1.184959999999790625e-03 5.459200000004216236e-04 -3.712000000000159616e-05 -3.878400000001391845e-04 -1.091840000000843247e-03
7.046400000000119235e-03 6.627200000000499358e-03 5.932800000000071350e-03 5.985279999999981726e-03 5.464319999999744937e-03 5.063680000000125858e-03 4.535680000000041900e-03 3.997120000000187190e-03 3.816640000000148802e-03 3.265999999999991132e-03 2.696814719999999794e-03 2.136640000000022965e-03 1.456640000000009039e-03 1.251200000000007861e-03 6.115200000000875491e-04 -3.103999999964912604e-05 -6.463999999999359147e-04 -1.282559999999932643e-03 -1.597439999999394900e-03 -2.239360000000800710e-03
4.102400000000727687e-03 3.687680000000526093e-03 3.176959999999340312e-03 2.989440000000342934e-03 2.460160000000044533e-03 2.044159999999628496e-03 1.503360000000064645e-03 9.459199999999334807e-04 7.779199999999875104e-04 2.303999999999639670e-04 -3.591946559999999980e-04 -9.491200000000254988e-04 -1.633599999999901797e-03 -1.971839999999946969e-03 -2.529599999999909699e-03 -3.153280000000258099e-03 -3.780479999999641905e-03 -4.457600000000283558e-03 -4.572160000000380364e-03 -5.240320000000409095e-03
8.922399999999441889e-03 8.551680000000061455e-03 8.026239999999518204e-03 7.841280000000061534e-03 7.299839999999946372e-03 6.805759999999771992e-03 5.999039999999844497e-03 5.784320000000064965e-03 5.438400000000065404e-03 4.921200000000069963e-03 4.304110400000000017e-03 3.681983999999971502e-03 3.006719999999907245e-03 2.715520000000193335e-03 2.106560000000090582e-03 1.458559999999664569e-03 7.737600000004007939e-04 1.548800000001904209e-04 -2.419200000005616857e-04 -1.001600000000379964e-03
9.387200000000817113e-03 9.102079999999901361e-03 8.517120000000488744e-03 8.401919999999840627e-03 7.886079999999573431e-03 7.389439999999858344e-03 6.848319999999574748e-03 6.371839999999906468e-03 6.041760000000007125e-03 5.522400000000038389e-03 4.961367680000000266e-03 4.307583999999975433e-03 3.689440000000043796e-03 3.334399999999959618e-03 2.742720000000087310e-03 2.072959999999568481e-03 1.420799999999999841e-03 7.647999999997878717e-04 3.942400000003232208e-04 -3.564800000006584924e-04
5.373600000000422483e-03 5.146879999999853794e-03 4.732159999999652200e-03 4.585600000000411569e-03 4.231039999999630652e-03 3.860480000000166001e-03 3.442879999999703955e-03 3.017920000000007263e-03 2.891040000000177912e-03 2.437199999999917210e-03 1.998728480000000213e-03 1.509120000000030437e-03 9.556799999999032735e-04 7.795200000000335194e-04 3.046399999999671593e-04 -2.435199999997195164e-04 -5.407999999995638518e-04 -1.317120000000393532e-03 -1.603839999999578936e-03 -2.207999999999543661e-03
6.422399999999939268e-03 5.860480000000833911e-03 4.372480000000678046e-03 4.764159999999684203e-03 4.044160000000296407e-03 3.377279999999593940e-03 2.676479999999870074e-03 1.922879999999960177e-03 1.509920000000164464e-03 6.846400000000141262e-04 -5.928284799999999894e-05 -7.992000000001109328e-04 -1.635040000000032023e-03 -2.151040000000215002e-03 -2.905919999999895253e-03 -3.712639999999822749e-03 -4.551039999999950680e-03 -5.358720000000261052e-03 -5.966080000000317796e-03 -6.947200000000819387e-03
9.374400000000449040e-03 8.778879999999489314e-03 8.065919999999948686e-03 7.764479999999629456e-03 7.018880000000393693e-03 6.455360000000354148e-03 5.737279999999955749e-03 4.997120000000077056e-03 4.627199999999831448e-03 3.897279999999891942e-03 3.145890560000000075e-03 2.351487999999957168e-03 1.599520000000076436e-03 1.178240000000219112e-03 4.064000000001399826e-04 -4.259199999996354791e-04 -1.205119999999837432e-03 -2.070400000000027774e-03 -2.618879999999990105e-03 -3.514239999999446695e-03
4.012799999999927536e-03 3.466879999999505912e-03 2.629119999999929291e-03 2.269440000000066959e-03 1.544319999999821391e-03 8.774400000000071032e-04 1.257600000004188701e-04 -6.636800000001663591e-04 -1.036959999999975679e-03 -1.620415999999957890e-03 -2.660763679999999902e-03 -3.407200000000054629e-03 -4.195520000000119154e-03 -4.296000000000077534e-03 -5.048320000000217078e-03 -6.387199999999815248e-03 -7.267839999999914369e-03 -8.113920000000440780e-03 -7.974400000000159139e-03 -9.635199999999954912e-03
6.244799999999273155e-03 4.698879999999405754e-03 4.823679999999441748e-03 4.397439999999974702e-03 2.968319999999913250e-03 3.025599999999961653e-03 2.307840000000282998e-03 1.459839999999879012e-03 1.045280000000037290e-03 2.201600000000247803e-04 -5.595268480000000497e-04 -1.305920000000071468e-03 -2.131680000000191200e-03 -2.672959999999946490e-03 -3.512319999999569120e-03 -4.339840000000094733e-03 -5.198720000000101038e-03 -6.087039999999710460e-03 -6.685440000000042460e-03 -7.650560000000083960e-03
8.078400000000485193e-03 7.532160000000232003e-03 6.840959999999896013e-03 6.479360000000156106e-03 5.818879999999637676e-03 5.154240000000420707e-03 4.473280000000023904e-03 3.762560000000192417e-03 3.365440000000052834e-03 2.585040000000038418e-03 1.862902880000000001e-03 1.123776000000020758e-03 3.179200000000825810e-04 2.652799999998123326e-04 -8.668800000002363504e-04 -1.695680000000088228e-03 -2.515840000000046928e-03 -3.267840000000354905e-03 -3.876480000000626092e-03 -4.767360000000664400e-03
7.029599999999192050e-03 6.444159999999143906e-03 5.759360000000768309e-03 5.372160000000292257e-03 4.750719999999652998e-03 4.175680000000348002e-03 3.094719999999995252e-03 2.743039999999918876e-03 2.315040000000045950e-03 1.644159999999894595e-03 8.955441279999999931e-04 1.852799999999543701e-04 -5.247999999999919396e-04 -1.018559999999890664e-03 -1.751040000000259056e-03 -2.506880000000322184e-03 -3.328640000000326893e-03 -4.107519999999809102e-03 -4.620799999999647412e-03 -5.539199999999411261e-03
9.432000000000329010e-03 8.631039999999146062e-03 8.165119999999248535e-03 7.872640000000430405e-03 7.208959999999819956e-03 6.658559999999980050e-03 5.993280000000211771e-03 5.272960000000104230e-03 4.857120000000048066e-03 4.151360000000048345e-03 3.489792639999999852e-03 2.777664000000013012e-03 2.010880000000048184e-03 1.574719999999807385e-03 8.051199999998814860e-04 6.623999999977314701e-05 -7.289600000000007185e-04 -9.011199999999774946e-04 -2.071680000000242217e-03 -2.942720000000065284e-03
6.234400000000306363e-03 5.736320000000461050e-03 4.131199999999779493e-03 4.655360000000108300e-03 3.992320000000049163e-03 3.451840000000316877e-03 2.769920000000425375e-03 2.056000000000057781e-03 1.713280000000150238e-03 9.824000000000499000e-04 2.582552319999999809e-04 -4.158400000000561647e-04 -1.149600000000194910e-03 -1.572799999999929810e-03 -2.280640000000389023e-03 -3.173760000000136472e-03 -3.870080000000442055e-03 -4.689919999999681011e-03 -5.166720000000069035e-03 -6.021759999999432011e-03
8.009599999999394981e-03 7.287039999999578299e-03 6.524159999999668003e-03 6.074240000000230566e-03 5.371519999999740946e-03 4.601599999999983481e-03 3.859199999999951558e-03 3.133440000000042858e-03 2.561759999999857484e-03 1.799440000000096518e-03 1.005318000000000054e-03 1.440639999999993037e-04 -6.694399999997990847e-04 -1.270400000000115881e-03 -1.993279999999764129e-03 -2.881600000000261730e-03 -3.807359999999704314e-03 -4.654719999999556990e-03 -5.246079999999153642e-03 -6.185600000000235354e-03
-8.249599999992085486e-04 -1.507840000000371106e-03 -2.291839999999822908e-03 -2.721280000000270149e-03 -3.473279999999689949e-03 -4.210879999999583845e-03 -4.992319999999939029e-03 -5.783999999999789310e-03 -6.286720000000078912e-03 -7.122048000000047452e-03 -7.926154879999999445e-03 -8.767600000000097538e-03 -9.591359999999937713e-03 -1.017599999999996285e-02 -1.097632000000015040e-02 -1.181695999999998747e-02 -1.267392000000011620e-02 -1.363839999999960639e-02 -1.424704000000076576e-02 -1.520447999999952060e-02
-1.336959999999720594e-03 -2.003840000000423061e-03 -2.767359999999996489e-03 -3.171840000000258897e-03 -3.917440000000382838e-03 -4.655040000000276734e-03 -5.389440000000078612e-03 -6.151360000000050121e-03 -6.640959999999918040e-03 -7.436095999999947637e-03 -8.211219199999999704e-03 -9.035359999999936775e-03 -9.880320000000164526e-03 -1.042655999999997363e-02 -1.117951999999977630e-02 -1.203487999999985902e-02 -1.286912000000040024e-02 -1.380224000000040974e-02 -1.436799999999927024e-02 -1.527104000000001349e-02
4.367200000000792670e-03 3.646720000000769346e-03 2.971519999999117090e-03 2.629119999999929291e-03 1.949439999999746931e-03 1.246079999999594179e-03 5.420799999997782948e-04 -1.920000000001920171e-04 -5.670399999999631291e-04 -1.409344000000034569e-03 -2.138146400000000193e-03 -2.903679999999964068e-03 -3.661440000000126815e-03 -4.160639999999826699e-03 -4.892479999999643780e-03 -5.731520000000323023e-03 -6.601599999999763213e-03 -7.417600000000135196e-03 -7.977600000000251157e-03 -8.793600000000623140e-03
4.187200000000501632e-03 3.493119999999905190e-03 2.712320000000545406e-03 2.366720000000377411e-03 1.710720000000165442e-03 9.542400000004391813e-04 2.870399999999051488e-04 -4.275200000001255773e-04 -9.019200000000004991e-04 -1.673279999999999212e-03 -2.403755039999999881e-03 -3.158720000000059258e-03 -4.025920000000127175e-03 -4.496640000000162729e-03 -5.307199999999845375e-03 -6.083839999999618442e-03 -6.954880000000329687e-03 -7.740159999999995932e-03 -8.270080000000845644e-03 -9.244159999999723709e-03
5.684799999999157194e-03 4.994560000000092259e-03 4.436480000000742052e-03 4.071040000000358816e-03 3.495039999999782765e-03 2.815359999999600404e-03 2.169600000000215800e-03 1.591359999999930608e-03 1.119200000000208917e-03 4.655200000001080696e-04 -2.395143040000000025e-04 -9.789600000000842073e-04 -1.720639999999828973e-03 -2.186560000000170589e-03 -2.799999999999691624e-03 -3.599040000000108819e-03 -4.410880000000005907e-03 -5.138559999999792183e-03 -5.637119999999384845e-03 -6.459519999999940865e-03
-7.020799999999383090e-04 -1.354879999999170082e-03 -2.009600000000055786e-03 -2.433279999999982124e-03 -3.062400000000131683e-03 -3.740800000000099601e-03 -4.432319999999823068e-03 -5.097919999999867002e-03 -5.572640000000017579e-03 -6.349504000000005810e-03 -7.070382079999999736e-03 -7.872560000000028424e-03 -8.566559999999778796e-03 -9.075199999999838951e-03 -9.804800000000390980e-03 -1.063455999999973756e-02 -1.144192000000021636e-02 -1.226048000000012905e-02 -1.280511999999944805e-02 -1.369215999999973121e-02
4.015199999999552460e-03 3.286400000000355703e-03 2.588160000000172545e-03 2.161919999999817321e-03 1.447040000000399118e-03 6.809600000003968034e-04 -2.463999999990917900e-05 -7.702400000000331204e-04 -1.216960000000044673e-03 -2.016063999999984091e-03 -2.826845440000000115e-03 -3.617039999999960287e-03 -4.487999999999825462e-03 -5.039040000000216679e-03 -5.786559999999774107e-03 -6.609919999999824824e-03 -7.519359999999863930e-03 -8.392960000000115883e-03 -8.935680000000445489e-03 -9.884160000000363766e-03
5.646399999999829333e-03 5.034240000000522741e-03 4.403200000000495606e-03 3.904000000000351633e-03 3.477120000000333278e-03 2.837119999999693221e-03 2.084800000000441855e-03 1.429120000000061452e-03 1.079519999999778435e-03 3.880000000000549676e-04 -3.380016639999999946e-04 -1.115600000000105396e-03 -1.898080000000135215e-03 -2.251840000000004949e-03 -3.060800000000085674e-03 -3.787520000000377252e-03 -4.653440000000230725e-03 -5.423999999999651322e-03 -6.010879999999829693e-03 -6.739839999999830411e-03
7.856000000000307182e-03 7.173760000000584114e-03 6.565760000000864238e-03 6.219520000000144933e-03 5.505280000000389862e-03 4.799359999999808224e-03 4.053439999999852716e-03 3.391360000000176456e-03 2.988320000000044274e-03 2.238879999999943138e-03 1.472561920000000062e-03 6.231039999999854473e-04 -1.793600000001838168e-04 -5.846400000000251396e-04 -1.464320000000185473e-03 -2.063680000000012171e-03 -3.077760000000040463e-03 -3.894400000000075579e-03 -4.448639999999670636e-03 -5.138560000000680361e-03
4.005599999999276406e-03 3.383680000000666155e-03 2.852479999999602001e-03 2.449280000000442215e-03 1.876479999999958181e-03 1.236480000000206303e-03 5.731200000003155992e-04 -1.036800000000503985e-04 -5.011200000000215482e-04 -1.141567999999981708e-03 -1.843298080000000056e-03 -2.650480000000010605e-03 -3.448479999999864987e-03 -3.750080000000100000e-03 -4.546559999999644219e-03 -5.212160000000132243e-03 -6.012160000000044136e-03 -6.838400000000355305e-03 -7.374079999999949564e-03 -8.139520000000288746e-03
7.827999999999946112e-03 7.174400000000247246e-03 6.452480000000093696e-03 6.032000000000259377e-03 5.376639999999710540e-03 4.500799999999749446e-03 3.837120000000027176e-03 2.952640000000172904e-03 2.697280000000024103e-03 1.892000000000004789e-03 1.075928400000000004e-03 1.740159999999990603e-04 -6.150400000000111334e-04 -1.120960000000170709e-03 -1.957759999999808542e-03 -2.732159999999872468e-03 -3.691520000000281243e-03 -4.502399999999795455e-03 -5.182080000000865994e-03 -6.023680000000197765e-03
1.411839999999919826e-02 1.336767999999999290e-02 1.290432000000052426e-02 1.257216000000038747e-02 1.201151999999972020e-02 1.135487999999984510e-02 1.066528000000044329e-02 1.001855999999978764e-02 9.607840000000145153e-03 9.008560000000054302e-03 8.259820160000000411e-03 7.510975999999947028e-03 6.784799999999924225e-03 6.388799999999861257e-03 5.636799999999997368e-03 4.905599999999843419e-03 4.168319999999781089e-03 3.283839999999926818e-03 2.865919999999633205e-03 2.052479999999690108e-03
1.113759999999963668e-02 1.038720000000026289e-02 9.651200000000415002e-03 9.237760000000427851e-03 8.542079999999785400e-03 7.793920000000120751e-03 7.068160000000212051e-03 6.269440000000070512e-03 5.761119999999841923e-03 5.065600000000003433e-03 4.213976319999999942e-03 3.297408000000001671e-03 2.410559999999950520e-03 1.904960000000066600e-03 1.035519999999845453e-03 3.875200000003076184e-04 -6.668799999998142880e-04 -1.581439999999822987e-03 -2.021759999999872548e-03 -2.907520000000829441e-03
1.090720000000011680e-02 1.021311999999952036e-02 9.498880000000653467e-03 9.126400000000423063e-03 8.426240000000362329e-03 7.619520000000434834e-03 6.822719999999726781e-03 5.948800000000087351e-03 5.556799999999917361e-03 4.826159999999912742e-03 4.028873920000000317e-03 3.083008000000053705e-03 2.252319999999974343e-03 1.693760000000210653e-03 8.531199999999294903e-04 -1.280000000036807251e-05 -8.121599999997286545e-04 -1.822719999999833362e-03 -2.413439999999766883e-03 -3.346560000000664559e-03
7.854399999999372994e-03 7.290879999999333450e-03 6.627840000000162490e-03 6.339839999999874465e-03 5.539839999999962572e-03 4.922879999999629774e-03 4.304320000000139146e-03 3.629440000000094813e-03 3.225120000000192277e-03 2.520080000000035625e-03 1.797258080000000043e-03 9.694080000000049324e-04 1.988799999999013579e-04 -1.862400000001152023e-04 -1.043199999999799843e-03 -1.687999999999689749e-03 -2.496640000000382997e-03 -3.390719999999625145e-03 -3.881599999999707507e-03 -4.776959999999164097e-03
